74421
14379
13368
73323
73527
14823
15942
96759
15036
70653
14646
77151
15369
70824
15180
78345
14904
72912
14865
71847
15639
74139
15654
71931
14241
75669
14613
71373
14883
71601
15039
71664
13812
78993
78627
13842
14055
89202
13212
78153
13620
76167
13152
73272
14091
73581
17583
72834
72270
13515
13866
71895
12996
78408
15054
79926
13518
89805
19515
88899
14580
78309
13698
77208
12978
70614
20772
80157
13476
78408
22329
166794
13653
89937
13515
72339
13203
74670
13734
80181
13425
72357
13587
88281
72369
14001
13278
77550
13584
87084
14046
75408
15048
138885
14337
71079
13896
71274
13419
71085
13782
73407
13629
76242
76788
13263
19317
82113
13581
83379
13551
88398
14301
78447
13257
70737
13806
81216
14199
74355
13515
72888
13302
74115
17856
76989
13350
73038
13323
71985
13746
72228
78201
14853
18921
73110
14112
83232
13698
77127
13824
70938
16914
70458
72870
13749
74049
13833
74550
14634
71577
13752
14025
73689
13908
80745
13446
75882
20400
78813
13572
89745
14757
75252
13308
79320
14454
74880
13281
70965
13623
73191
13098
93024
14865
72624
13464
71490
13335
79074
13743
73467
13539
74640
17808
87438
13728
86751
13947
72921
13887
72771
14283
73113
13368
89466
13161
70791
13251
75696
