170169
4755
4638
5040
3465
10320
5466
4500
4701
2580
4554
5103
5553
4452
4986
5256
4680
4512
4467
4866
6273
5124
6591
11265
4290
4647
3828
4452
5832
4152
4386
4431
4521
4716
4164
4344
5124
4668
3771
6642
6642
4422
4116
6465
4524
4251
6030
4836
6072
9171
4791
4860
4134
4644
4455
4200
4239
4236
8898
4284
4332
6795
4626
4602
4260
6126
4347
3768
4446
4359
4509
4176
4248
3855
5577
3861
6204
4002
5043
3735
4383
4152
3567
3834
3822
4086
4107
4350
5601
4449
4287
5046
4473
3687
3897
4554
8916
7029
4293
5442
