11499
6462
14346
6681
6387
5232
6051
5058
5031
4818
5562
5169
5394
12150
5013
4938
5487
5307
5829
5847
5253
5343
5163
5283
4788
5658
4977
5901
5886
5865
12462
5028
5304
4785
5265
4935
5244
5136
4788
5544
4932
5658
5865
5706
5358
5565
5226
5085
5325
5037
17136
5466
4839
4800
4824
4884
4872
11235
5394
4755
4944
5232
5034
4734
5094
5097
5007
4908
5214
5028
5016
4845
4902
12120
5457
5454
4914
12081
4983
5316
5061
5064
5148
6903
5649
12447
10392
4800
5166
5310
4647
10713
4689
4986
5226
11280
11067
5013
5277
4896
